Data/development_proximity_100m.asc
ncols        210
nrows        180
xllcorner    240000
yllcorner    644000
cellsize     100
NODATA_value  -1
[rows 160 to 179 of 180, columns 132 to 175 of 210]
0.97719162702560424805 0.97825968265533447266 0.97969305515289306641 0.98106735944747924805 0.98236864805221557617 0.98357969522476196289 0.98467898368835449219 0.9856408238410949707 0.98715674877166748047 0.98859578371047973633 0.98992496728897094727 0.99109482765197753906 0.99203497171401977539 0.99265658855438232422 0.99357837438583374023 0.99496245384216308594 0.9960174560546875 0.99643790721893310547 0.99643790721893310547 0.9960174560546875 0.99496245384216308594 0.9960174560546875 0.99748122692108154297 0.99821895360946655273 0.99748122692108154297 0.9960174560546875 0.99436789751052856445 0.99357837438583374023 0.99357837438583374023 0.99496245384216308594 0.9960174560546875 0.99643790721893310547 0.99643790721893310547 0.9960174560546875 0.9960174560546875 0.99643790721893310547 0.9960174560546875 0.9960174560546875 0.99643790721893310547 0.99643790721893310547 0.99821895360946655273 1 1 0.99821895360946655273
0.97577530145645141602 0.97719162702560424805 0.97855347394943237305 0.97984987497329711914 0.98106735944747924805 0.98218965530395507813 0.98319774866104125977 0.98467898368835449219 0.98608964681625366211 0.98740619421005249023 0.98859578371047973633 0.98961484432220458984 0.99040883779525756836 0.99109482765197753906 0.99244368076324462891 0.99357837438583374023 0.99436789751052856445 0.99465692043304443359 0.99465692043304443359 0.99436789751052856445 0.99465692043304443359 0.99643790721893310547 0.99821895360946655273 1 0.99821895360946655273 0.99643790721893310547 0.99465692043304443359 0.99287587404251098633 0.99436789751052856445 0.9960174560546875 0.99748122692108154297 0.99821895360946655273 0.99821895360946655273 0.99748122692108154297 0.9960174560546875 0.99465692043304443359 0.9960174560546875 0.99748122692108154297 0.99821895360946655273 0.99821895360946655273 0.99748122692108154297 0.99821895360946655273 0.99821895360946655273 0.99748122692108154297
0.97468674182891845703 0.9760386347770690918 0.97733110189437866211 0.97855347394943237305 0.97969305515289306641 0.98073518276214599609 0.98218965530395507813 0.98357969522476196289 0.9848874211311340332 0.98608964681625366211 0.98715674877166748047 0.98805242776870727539 0.98873573541641235352 0.98992496728897094727 0.99109482765197753906 0.99203497171401977539 0.99265658855438232422 0.99287587404251098633 0.99287587404251098633 0.99265658855438232422 0.99436789751052856445 0.9960174560546875 0.99748122692108154297 0.99821895360946655273 0.99748122692108154297 0.9960174560546875 0.99436789751052856445 0.99287587404251098633 0.99465692043304443359 0.99643790721893310547 0.99821895360946655273 1 1 0.99821895360946655273 0.99643790721893310547 0.99465692043304443359 0.99643790721893310547 0.99821895360946655273 1 1 0.99821895360946655273 0.99643790721893310547 0.99643790721893310547 0.9960174560546875
0.97352302074432373047 0.97481238842010498047 0.9760386347770690918 0.97719162702560424805 0.97825968265533447266 0.97969305515289306641 0.98106735944747924805 0.98236864805221557617 0.98357969522476196289 0.98467898368835449219 0.9856408238410949707 0.98643606901168823242 0.98740619421005249023 0.98859578371047973633 0.98961484432220458984 0.99040883779525756836 0.9909184575080871582 0.99109482765197753906 0.99109482765197753906 0.99203497171401977539 0.99357837438583374023 0.99496245384216308594 0.9960174560546875 0.99643790721893310547 0.9960174560546875 0.99496245384216308594 0.99357837438583374023 0.99287587404251098633 0.99465692043304443359 0.99643790721893310547 0.99821895360946655273 1 1 0.99821895360946655273 0.99643790721893310547 0.99465692043304443359 0.9960174560546875 0.99748122692108154297 0.99821895360946655273 0.99821895360946655273 0.99748122692108154297 0.9960174560546875 0.99465692043304443359 0.99436789751052856445
0.97229361534118652344 0.97352302074432373047 0.97468674182891845703 0.97577530145645141602 0.97719162702560424805 0.97855347394943237305 0.97984987497329711914 0.98106735944747924805 0.98218965530395507813 0.98319774866104125977 0.98406994342803955078 0.9848874211311340332 0.98608964681625366211 0.98715674877166748047 0.98805242776870727539 0.98873573541641235352 0.98916637897491455078 0.9893137812614440918 0.98961484432220458984 0.99109482765197753906 0.99244368076324462891 0.99357837438583374023 0.99436789751052856445 0.99465692043304443359 0.99436789751052856445 0.99357837438583374023 0.99244368076324462891 0.99265658855438232422 0.99436789751052856445 0.9960174560546875 0.99748122692108154297 0.99821895360946655273 0.99821895360946655273 0.99748122692108154297 0.9960174560546875 0.99436789751052856445 0.99496245384216308594 0.9960174560546875 0.99643790721893310547 0.99643790721893310547 0.9960174560546875 0.99496245384216308594 0.99357837438583374023 0.99265658855438232422
0.97100687026977539063 0.97217935323715209961 0.97328448295593261719 0.97468674182891845703 0.9760386347770690918 0.97733110189437866211 0.97855347394943237305 0.97969305515289306641 0.98073518276214599609 0.98166310787200927734 0.98245882987976074219 0.98357969522476196289 0.98467898368835449219 0.9856408238410949707 0.98643606901168823242 0.987033843994140625 0.98740619421005249023 0.98753273487091064453 0.98859578371047973633 0.98992496728897094727 0.99109482765197753906 0.99203497171401977539 0.99265658855438232422 0.99287587404251098633 0.99265658855438232422 0.99203497171401977539 0.99109482765197753906 0.99265658855438232422 0.99436789751052856445 0.9960174560546875 0.99748122692108154297 0.99821895360946655273 0.99821895360946655273 0.99748122692108154297 0.9960174560546875 0.99436789751052856445 0.99357837438583374023 0.99436789751052856445 0.99465692043304443359 0.99465692043304443359 0.99436789751052856445 0.99357837438583374023 0.99244368076324462891 0.99109482765197753906
0.96967005729675292969 0.97078883647918701172 0.97217935323715209961 0.97352302074432373047 0.97481238842010498047 0.9760386347770690918 0.97719162702560424805 0.97825968265533447266 0.97922974824905395508 0.98008739948272705078 0.98106735944747924805 0.98218965530395507813 0.98319774866104125977 0.98406994342803955078 0.98478281497955322266 0.98531323671340942383 0.9856408238410949707 0.98608964681625366211 0.98740619421005249023 0.98859578371047973633 0.98961484432220458984 0.99040883779525756836 0.9909184575080871582 0.99109482765197753906 0.9909184575080871582 0.99040883779525756836 0.99109482765197753906 0.99287587404251098633 0.99465692043304443359 0.99643790721893310547 0.99821895360946655273 1 1 0.99821895360946655273 0.99643790721893310547 0.99465692043304443359 0.99287587404251098633 0.99265658855438232422 0.99287587404251098633 0.99287587404251098633 0.99265658855438232422 0.99203497171401977539 0.99109482765197753906 0.9909184575080871582
0.96828955411911010742 0.96967005729675292969 0.97100687026977539063 0.97229361534118652344 0.97352302074432373047 0.97468674182891845703 0.97577530145645141602 0.97677814960479736328 0.97768372297286987305 0.97855347394943237305 0.97969305515289306641 0.98073518276214599609 0.98166310787200927734 0.98245882987976074219 0.98310363292694091797 0.98357969522476196289 0.98387205600738525391 0.9848874211311340332 0.98608964681625366211 0.98715674877166748047 0.98805242776870727539 0.98873573541641235352 0.98916637897491455078 0.9893137812614440918 0.98916637897491455078 0.98916637897491455078 0.9909184575080871582 0.99265658855438232422 0.99436789751052856445 0.9960174560546875 0.99748122692108154297 0.99821895360946655273 0.99821895360946655273 0.99748122692108154297 0.9960174560546875 0.99436789751052856445 0.99265658855438232422 0.9909184575080871582 0.99109482765197753906 0.99109482765197753906 0.9909184575080871582 0.99040883779525756836 0.98961484432220458984 0.99109482765197753906
0.96715933084487915039 0.96849024295806884766 0.96977484226226806641 0.97100687026977539063 0.97217935323715209961 0.97328448295593261719 0.97431355714797973633 0.97525709867477416992 0.97610491514205932617 0.97719162702560424805 0.97825968265533447266 0.97922974824905395508 0.98008739948272705078 0.98081767559051513672 0.98140543699264526367 0.98183691501617431641 0.98236864805221557617 0.98357969522476196289 0.98467898368835449219 0.9856408238410949707 0.98643606901168823242 0.987033843994140625 0.98740619421005249023 0.98753273487091064453 0.98740619421005249023 0.98873573541641235352 0.99040883779525756836 0.99203497171401977539 0.99357837438583374023 0.99496245384216308594 0.9960174560546875 0.99643790721893310547 0.99643790721893310547 0.9960174560546875 0.99496245384216308594 0.99357837438583374023 0.99203497171401977539 0.99040883779525756836 0.9893137812614440918 0.9893137812614440918 0.98916637897491455078 0.98873573541641235352 0.98916637897491455078 0.9909184575080871582
0.96597337722778320313 0.96725606918334960938 0.96849024295806884766 0.96967005729675292969 0.97078883647918701172 0.97183936834335327148 0.97281366586685180664 0.97370332479476928711 0.97468674182891845703 0.97577530145645141602 0.97677814960479736328 0.97768372297286987305 0.97847968339920043945 0.97915351390838623047 0.97969305515289306641 0.98008739948272705078 0.98106735944747924805 0.98218965530395507813 0.98319774866104125977 0.98406994342803955078 0.98478281497955322266 0.98531323671340942383 0.9856408238410949707 0.98575174808502197266 0.98643606901168823242 0.98805242776870727539 0.98961484432220458984 0.99109482765197753906 0.99244368076324462891 0.99357837438583374023 0.99436789751052856445 0.99465692043304443359 0.99465692043304443359 0.99436789751052856445 0.99357837438583374023 0.99244368076324462891 0.99109482765197753906 0.98961484432220458984 0.98805242776870727539 0.98753273487091064453 0.98740619421005249023 0.987033843994140625 0.98873573541641235352 0.99040883779525756836
0.96473729610443115234 0.96597337722778320313 0.96715933084487915039 0.96828955411911010742 0.96935790777206420898 0.97035765647888183594 0.97128164768218994141 0.97217935323715209961 0.97328448295593261719 0.97431355714797973633 0.97525709867477416992 0.97610491514205932617 0.97684651613235473633 0.97747147083282470703 0.97796982526779174805 0.97855347394943237305 0.97969305515289306641 0.98073518276214599609 0.98166310787200927734 0.98245882987976074219 0.98310363292694091797 0.98357969522476196289 0.98387205600738525391 0.98406994342803955078 0.9856408238410949707 0.98715674877166748047 0.98859578371047973633 0.98992496728897094727 0.99109482765197753906 0.99203497171401977539 0.99265658855438232422 0.99287587404251098633 0.99287587404251098633 0.99265658855438232422 0.99203497171401977539 0.99109482765197753906 0.98992496728897094727 0.98859578371047973633 0.98715674877166748047 0.98575174808502197266 0.9856408238410949707 0.98643606901168823242 0.98805242776870727539 0.98961484432220458984
0.96345621347427368164 0.96464747190475463867 0.96578741073608398438 0.96687084436416625977 0.96789193153381347656 0.96884459257125854492 0.96972239017486572266 0.97078883647918701172 0.97183936834335327148 0.97281366586685180664 0.97370332479476928711 0.97449946403503417969 0.975193023681640625 0.97577530145645141602 0.97623801231384277344 0.97719162702560424805 0.97825968265533447266 0.97922974824905395508 0.98008739948272705078 0.98081767559051513672 0.98140543699264526367 0.98183691501617431641 0.98210084438323974609 0.98319774866104125977 0.98467898368835449219 0.98608964681625366211 0.98740619421005249023 0.98859578371047973633 0.98961484432220458984 0.99040883779525756836 0.9909184575080871582 0.99109482765197753906 0.99109482765197753906 0.9909184575080871582 0.99040883779525756836 0.98961484432220458984 0.98859578371047973633 0.98740619421005249023 0.98608964681625366211 0.98467898368835449219 0.98406994342803955078 0.9856408238410949707 0.98715674877166748047 0.98859578371047973633
0.9621346592903137207 0.96328300237655639648 0.96437931060791015625 0.96541857719421386719 0.96639549732208251953 0.96730452775955200195 0.96828955411911010742 0.96935790777206420898 0.97035765647888183594 0.97128164768218994141 0.97212237119674682617 0.97287207841873168945 0.97352302074432373047 0.97406774759292602539 0.97468674182891845703 0.97577530145645141602 0.97677814960479736328 0.97768372297286987305 0.97847968339920043945 0.97915351390838623047 0.97969305515289306641 0.98008739948272705078 0.98073518276214599609 0.98218965530395507813 0.98357969522476196289 0.9848874211311340332 0.98608964681625366211 0.98715674877166748047 0.98805242776870727539 0.98873573541641235352 0.98916637897491455078 0.9893137812614440918 0.9893137812614440918 0.98916637897491455078 0.98873573541641235352 0.98805242776870727539 0.98715674877166748047 0.98608964681625366211 0.9848874211311340332 0.98357969522476196289 0.98319774866104125977 0.98467898368835449219 0.98608964681625366211 0.98740619421005249023
0.96077674627304077148 0.9618842005729675293 0.96293908357620239258 0.96393680572509765625 0.96487247943878173828 0.96578741073608398438 0.96687084436416625977 0.96789193153381347656 0.96884459257125854492 0.96972239017486572266 0.97051864862442016602 0.97122651338577270508 0.97183936834335327148 0.97235089540481567383 0.97328448295593261719 0.97431355714797973633 0.97525709867477416992 0.97610491514205932617 0.97684651613235473633 0.97747147083282470703 0.97796982526779174805 0.97833275794982910156 0.97969305515289306641 0.98106735944747924805 0.98236864805221557617 0.98357969522476196289 0.98467898368835449219 0.9856408238410949707 0.98643606901168823242 0.987033843994140625 0.98740619421005249023 0.98753273487091064453 0.98753273487091064453 0.98740619421005249023 0.987033843994140625 0.98643606901168823242 0.9856408238410949707 0.98467898368835449219 0.98357969522476196289 0.98236864805221557617 0.98218965530395507813 0.98357969522476196289 0.9848874211311340332 0.98608964681625366211
0.9593861699104309082 0.96045458316802978516 0.9614703059196472168 0.962429046630859375 0.96332621574401855469 0.96437931060791015625 0.96541857719421386719 0.96639549732208251953 0.96730452775955200195 0.96813988685607910156 0.96889555454254150391 0.9695656895637512207 0.97014439105987548828 0.97078883647918701172 0.97183936834335327148 0.97281366586685180664 0.97370332479476928711 0.97449946403503417969 0.975193023681640625 0.97577530145645141602 0.97623801231384277344 0.97719162702560424805 0.97855347394943237305 0.97984987497329711914 0.98106735944747924805 0.98218965530395507813 0.98319774866104125977 0.98406994342803955078 0.98478281497955322266 0.98531323671340942383 0.9856408238410949707 0.98575174808502197266 0.98575174808502197266 0.9856408238410949707 0.98531323671340942383 0.98478281497955322266 0.98406994342803955078 0.98319774866104125977 0.98218965530395507813 0.98106735944747924805 0.98106735944747924805 0.98236864805221557617 0.98357969522476196289 0.98467898368835449219
0.95796608924865722656 0.95899748802185058594 0.9599761962890625 0.96089828014373779297 0.9618842005729675293 0.96293908357620239258 0.96393680572509765625 0.96487247943878173828 0.96574109792709350586 0.96653741598129272461 0.96725606918334960938 0.96789193153381347656 0.96843999624252319336 0.96935790777206420898 0.97035765647888183594 0.97128164768218994141 0.97212237119674682617 0.97287207841873168945 0.97352302074432373047 0.97406774759292602539 0.97468674182891845703 0.9760386347770690918 0.97733110189437866211 0.97855347394943237305 0.97969305515289306641 0.98073518276214599609 0.98166310787200927734 0.98245882987976074219 0.98310363292694091797 0.98357969522476196289 0.98387205600738525391 0.98397070169448852539 0.98397070169448852539 0.98387205600738525391 0.98357969522476196289 0.98310363292694091797 0.98245882987976074219 0.98166310787200927734 0.98073518276214599609 0.97969305515289306641 0.97984987497329711914 0.98106735944747924805 0.98218965530395507813 0.98319774866104125977
0.95651936531066894531 0.95751565694808959961 0.95845949649810791016 0.9593861699104309082 0.96045458316802978516 0.9614703059196472168 0.962429046630859375 0.96332621574401855469 0.96415734291076660156 0.96491765975952148438 0.96560251712799072266 0.96620720624923706055 0.96687084436416625977 0.96789193153381347656 0.96884459257125854492 0.96972239017486572266 0.97051864862442016602 0.97122651338577270508 0.97183936834335327148 0.97235089540481567383 0.97352302074432373047 0.97481238842010498047 0.9760386347770690918 0.97719162702560424805 0.97825968265533447266 0.97922974824905395508 0.98008739948272705078 0.98081767559051513672 0.98140543699264526367 0.98183691501617431641 0.98210084438323974609 0.98218965530395507813 0.98218965530395507813 0.98210084438323974609 0.98183691501617431641 0.98140543699264526367 0.98081767559051513672 0.98008739948272705078 0.97922974824905395508 0.97825968265533447266 0.97855347394943237305 0.97969305515289306641 0.98073518276214599609 0.98166310787200927734
0.95504868030548095703 0.95601165294647216797 0.9569225311279296875 0.95796608924865722656 0.95899748802185058594 0.9599761962890625 0.96089828014373779297 0.9617595672607421875 0.96255588531494140625 0.96328300237655639648 0.96393680572509765625 0.9645131230354309082 0.96541857719421386719 0.96639549732208251953 0.96730452775955200195 0.96813988685607910156 0.96889555454254150391 0.9695656895637512207 0.97014439105987548828 0.97100687026977539063 0.97229361534118652344 0.97352302074432373047 0.97468674182891845703 0.97577530145645141602 0.97677814960479736328 0.97768372297286987305 0.97847968339920043945 0.97915351390838623047 0.97969305515289306641 0.98008739948272705078 0.98032784461975097656 0.98040860891342163086 0.98040860891342163086 0.98032784461975097656 0.98008739948272705078 0.97969305515289306641 0.97915351390838623047 0.97847968339920043945 0.97768372297286987305 0.97677814960479736328 0.97719162702560424805 0.97825968265533447266 0.97922974824905395508 0.98008739948272705078
0.95355629920959472656 0.95448768138885498047 0.95547413825988769531 0.95651936531066894531 0.95751565694808959961 0.95845949649810791016 0.95934712886810302734 0.96017485857009887695 0.96093887090682983398 0.96163535118103027344 0.9622605443000793457 0.96293908357620239258 0.96393680572509765625 0.96487247943878173828 0.96574109792709350586 0.96653741598129272461 0.96725606918334960938 0.96789193153381347656 0.96849024295806884766 0.96977484226226806641 0.97100687026977539063 0.97217935323715209961 0.97328448295593261719 0.97431355714797973633 0.97525709867477416992 0.97610491514205932617 0.97684651613235473633 0.97747147083282470703 0.97796982526779174805 0.97833275794982910156 0.97855347394943237305 0.97862756252288818359 0.97862756252288818359 0.97855347394943237305 0.97833275794982910156 0.97796982526779174805 0.97747147083282470703 0.97684651613235473633 0.97610491514205932617 0.97525709867477416992 0.97577530145645141602 0.97677814960479736328 0.97768372297286987305 0.97847968339920043945
0.9520441889762878418 0.95297932624816894531 0.95403689146041870117 0.95504868030548095703 0.95601165294647216797 0.9569225311279296875 0.95777779817581176758 0.95857417583465576172 0.95930814743041992188 0.9599761962890625 0.960575103759765625 0.9614703059196472168 0.962429046630859375 0.96332621574401855469 0.96415734291076660156 0.96491765975952148438 0.96560251712799072266 0.96620720624923706055 0.96725606918334960938 0.96849024295806884766 0.96967005729675292969 0.97078883647918701172 0.97183936834335327148 0.97281366586685180664 0.97370332479476928711 0.97449946403503417969 0.975193023681640625 0.97577530145645141602 0.97623801231384277344 0.97657412290573120117 0.97677814960479736328 0.97684651613235473633 0.97684651613235473633 0.97677814960479736328 0.97657412290573120117 0.97623801231384277344 0.97577530145645141602 0.975193023681640625 0.97449946403503417969 0.97370332479476928711 0.97431355714797973633 0.97525709867477416992 0.97610491514205932617 0.97684651613235473633
