Data/development_proximity_100m.asc
ncols        210
nrows        180
xllcorner    240000
yllcorner    644000
cellsize     100
NODATA_value  -1
[rows 140 to 159 of 180, columns 132 to 175 of 210]
1 1 0.99821895360946655273 0.99643790721893310547 0.99465692043304443359 0.99465692043304443359 0.99643790721893310547 0.99821895360946655273 1 1 0.99821895360946655273 0.99748122692108154297 0.99821895360946655273 0.99748122692108154297 0.9960174560546875 0.9960174560546875 0.99748122692108154297 0.99821895360946655273 0.99748122692108154297 0.99821895360946655273 1 1 0.99821895360946655273 0.99821895360946655273 0.99821895360946655273 1 0.99821895360946655273 0.99748122692108154297 0.9960174560546875 0.99436789751052856445 0.99265658855438232422 0.9909184575080871582 0.98916637897491455078 0.98740619421005249023 0.98753273487091064453 0.9893137812614440918 0.99109482765197753906 0.99287587404251098633 0.99465692043304443359 0.99643790721893310547 0.99821895360946655273 1 1 1
0.99821895360946655273 0.99821895360946655273 0.99748122692108154297 0.9960174560546875 0.99436789751052856445 0.99436789751052856445 0.9960174560546875 0.99748122692108154297 0.99821895360946655273 0.99821895360946655273 0.99748122692108154297 0.9960174560546875 0.99643790721893310547 0.9960174560546875 0.9960174560546875 0.99748122692108154297 0.99821895360946655273 1 0.99821895360946655273 1 1 1 0.99821895360946655273 1 0.99821895360946655273 1 0.99821895360946655273 0.99643790721893310547 0.99496245384216308594 0.99357837438583374023 0.99203497171401977539 0.99040883779525756836 0.98873573541641235352 0.987033843994140625 0.98740619421005249023 0.98916637897491455078 0.9909184575080871582 0.99265658855438232422 0.99436789751052856445 0.9960174560546875 0.99748122692108154297 0.99821895360946655273 1 0.99821895360946655273
0.99643790721893310547 0.99643790721893310547 0.9960174560546875 0.99496245384216308594 0.99357837438583374023 0.99357837438583374023 0.99496245384216308594 0.9960174560546875 0.99643790721893310547 0.99643790721893310547 0.9960174560546875 0.99496245384216308594 0.99496245384216308594 0.9960174560546875 0.99643790721893310547 0.99821895360946655273 1 1 0.99821895360946655273 1 0.99821895360946655273 0.99821895360946655273 0.99748122692108154297 0.99821895360946655273 0.99748122692108154297 0.99821895360946655273 0.99748122692108154297 0.9960174560546875 0.99436789751052856445 0.99265658855438232422 0.99109482765197753906 0.98961484432220458984 0.98805242776870727539 0.98643606901168823242 0.987033843994140625 0.98873573541641235352 0.99040883779525756836 0.99203497171401977539 0.99357837438583374023 0.99496245384216308594 0.9960174560546875 0.99748122692108154297 0.99821895360946655273 0.99748122692108154297
0.99643790721893310547 0.99465692043304443359 0.99436789751052856445 0.99357837438583374023 0.99287587404251098633 0.99287587404251098633 0.99357837438583374023 0.99436789751052856445 0.99465692043304443359 0.99465692043304443359 0.99436789751052856445 0.99436789751052856445 0.9960174560546875 0.99748122692108154297 0.99821895360946655273 0.99748122692108154297 0.99821895360946655273 0.99821895360946655273 0.99748122692108154297 0.99821895360946655273 0.99748122692108154297 0.99748122692108154297 0.99821895360946655273 0.99748122692108154297 0.99821895360946655273 1 0.99821895360946655273 0.99643790721893310547 0.99465692043304443359 0.99287587404251098633 0.99109482765197753906 0.9893137812614440918 0.98753273487091064453 0.98575174808502197266 0.98643606901168823242 0.98805242776870727539 0.98961484432220458984 0.99109482765197753906 0.99244368076324462891 0.99357837438583374023 0.99496245384216308594 0.9960174560546875 0.99643790721893310547 0.9960174560546875
0.9960174560546875 0.99436789751052856445 0.99465692043304443359 0.99465692043304443359 0.99465692043304443359 0.99465692043304443359 0.99436789751052856445 0.99496245384216308594 0.9960174560546875 0.99643790721893310547 0.9960174560546875 0.99496245384216308594 0.99643790721893310547 0.99821895360946655273 1 0.99821895360946655273 0.99643790721893310547 0.99643790721893310547 0.9960174560546875 0.99748122692108154297 0.99821895360946655273 0.99821895360946655273 1 0.99821895360946655273 0.99821895360946655273 1 0.99821895360946655273 0.99643790721893310547 0.99465692043304443359 0.99287587404251098633 0.99109482765197753906 0.9893137812614440918 0.98753273487091064453 0.98575174808502197266 0.9856408238410949707 0.98715674877166748047 0.98859578371047973633 0.98992496728897094727 0.99109482765197753906 0.99244368076324462891 0.99357837438583374023 0.99436789751052856445 0.99465692043304443359 0.99436789751052856445
0.99496245384216308594 0.9960174560546875 0.99643790721893310547 0.99643790721893310547 0.99643790721893310547 0.99643790721893310547 0.9960174560546875 0.9960174560546875 0.99748122692108154297 0.99821895360946655273 0.99748122692108154297 0.9960174560546875 0.99643790721893310547 0.99821895360946655273 1 0.99821895360946655273 0.99643790721893310547 0.99643790721893310547 0.99748122692108154297 0.99821895360946655273 1 1 0.99821895360946655273 0.99748122692108154297 0.99748122692108154297 0.99821895360946655273 0.99748122692108154297 0.9960174560546875 0.99436789751052856445 0.99265658855438232422 0.9909184575080871582 0.98916637897491455078 0.98740619421005249023 0.98643606901168823242 0.987033843994140625 0.98740619421005249023 0.98753273487091064453 0.98859578371047973633 0.98992496728897094727 0.99109482765197753906 0.99203497171401977539 0.99265658855438232422 0.99287587404251098633 0.99265658855438232422
0.9960174560546875 0.99748122692108154297 0.99821895360946655273 0.99821895360946655273 0.99821895360946655273 0.99821895360946655273 0.99748122692108154297 0.99643790721893310547 0.99821895360946655273 1 0.99821895360946655273 0.99643790721893310547 0.99643790721893310547 0.99748122692108154297 0.99821895360946655273 0.99748122692108154297 0.99748122692108154297 0.99821895360946655273 0.99821895360946655273 1 0.99821895360946655273 0.99821895360946655273 0.99748122692108154297 0.99821895360946655273 0.99821895360946655273 0.99748122692108154297 0.9960174560546875 0.99496245384216308594 0.99357837438583374023 0.99203497171401977539 0.99040883779525756836 0.98873573541641235352 0.98715674877166748047 0.98805242776870727539 0.98873573541641235352 0.98916637897491455078 0.9893137812614440918 0.9893137812614440918 0.98916637897491455078 0.98961484432220458984 0.99040883779525756836 0.9909184575080871582 0.99109482765197753906 0.99287587404251098633
0.99643790721893310547 0.99821895360946655273 1 1 1 1 0.99821895360946655273 0.99643790721893310547 0.99748122692108154297 0.99821895360946655273 0.99748122692108154297 0.99748122692108154297 0.99821895360946655273 0.99748122692108154297 0.99643790721893310547 0.99643790721893310547 0.99821895360946655273 1 1 1 0.99821895360946655273 0.99821895360946655273 0.99821895360946655273 1 1 0.99821895360946655273 0.99643790721893310547 0.99465692043304443359 0.99287587404251098633 0.99109482765197753906 0.98961484432220458984 0.98805242776870727539 0.98859578371047973633 0.98961484432220458984 0.99040883779525756836 0.9909184575080871582 0.99109482765197753906 0.99109482765197753906 0.9909184575080871582 0.99040883779525756836 0.98961484432220458984 0.98916637897491455078 0.9909184575080871582 0.99265658855438232422
0.9960174560546875 0.99748122692108154297 0.99821895360946655273 0.99821895360946655273 0.99821895360946655273 0.99821895360946655273 0.99748122692108154297 0.99748122692108154297 0.99821895360946655273 0.99821895360946655273 0.99748122692108154297 0.99821895360946655273 1 0.99821895360946655273 0.99643790721893310547 0.99643790721893310547 0.99821895360946655273 1 0.99821895360946655273 0.99821895360946655273 0.99821895360946655273 1 1 0.99821895360946655273 0.99821895360946655273 0.99748122692108154297 0.9960174560546875 0.99436789751052856445 0.99265658855438232422 0.9909184575080871582 0.98916637897491455078 0.98859578371047973633 0.98992496728897094727 0.99109482765197753906 0.99203497171401977539 0.99265658855438232422 0.99287587404251098633 0.99287587404251098633 0.99265658855438232422 0.99203497171401977539 0.99109482765197753906 0.98992496728897094727 0.99040883779525756836 0.99203497171401977539
0.99496245384216308594 0.9960174560546875 0.99643790721893310547 0.99643790721893310547 0.99643790721893310547 0.99643790721893310547 0.99643790721893310547 0.99821895360946655273 1 1 0.99821895360946655273 0.99748122692108154297 0.99821895360946655273 0.99748122692108154297 0.9960174560546875 0.99748122692108154297 0.99821895360946655273 0.99821895360946655273 0.99748122692108154297 0.99748122692108154297 0.99821895360946655273 1 0.99821895360946655273 0.99748122692108154297 0.99643790721893310547 0.9960174560546875 0.99496245384216308594 0.99357837438583374023 0.99203497171401977539 0.99040883779525756836 0.98916637897491455078 0.98992496728897094727 0.99109482765197753906 0.99244368076324462891 0.99357837438583374023 0.99436789751052856445 0.99465692043304443359 0.99465692043304443359 0.99436789751052856445 0.99357837438583374023 0.99244368076324462891 0.99109482765197753906 0.98961484432220458984 0.99109482765197753906
0.99357837438583374023 0.99436789751052856445 0.99465692043304443359 0.99465692043304443359 0.99465692043304443359 0.99465692043304443359 0.99643790721893310547 0.99821895360946655273 1 1 0.99821895360946655273 0.99643790721893310547 0.99643790721893310547 0.9960174560546875 0.99643790721893310547 0.99821895360946655273 1 0.99821895360946655273 0.99643790721893310547 0.99821895360946655273 1 1 0.99821895360946655273 0.99643790721893310547 0.9960174560546875 0.99496245384216308594 0.99357837438583374023 0.99244368076324462891 0.99109482765197753906 0.99109482765197753906 0.9909184575080871582 0.99109482765197753906 0.99244368076324462891 0.99357837438583374023 0.99496245384216308594 0.9960174560546875 0.99643790721893310547 0.99643790721893310547 0.9960174560546875 0.99496245384216308594 0.99357837438583374023 0.99203497171401977539 0.99040883779525756836 0.98992496728897094727
0.99203497171401977539 0.99265658855438232422 0.99287587404251098633 0.99287587404251098633 0.99287587404251098633 0.99436789751052856445 0.9960174560546875 0.99748122692108154297 0.99821895360946655273 0.99821895360946655273 0.99748122692108154297 0.99643790721893310547 0.9960174560546875 0.99496245384216308594 0.99643790721893310547 0.99821895360946655273 1 0.99821895360946655273 0.99643790721893310547 0.99748122692108154297 0.99821895360946655273 1 0.99821895360946655273 0.99821895360946655273 0.99748122692108154297 0.9960174560546875 0.99436789751052856445 0.99265658855438232422 0.99265658855438232422 0.99287587404251098633 0.99265658855438232422 0.99244368076324462891 0.99357837438583374023 0.99496245384216308594 0.9960174560546875 0.99748122692108154297 0.99821895360946655273 0.99821895360946655273 0.99748122692108154297 0.9960174560546875 0.99436789751052856445 0.99265658855438232422 0.9909184575080871582 0.98992496728897094727
0.99040883779525756836 0.9909184575080871582 0.99109482765197753906 0.99109482765197753906 0.99203497171401977539 0.99357837438583374023 0.99496245384216308594 0.9960174560546875 0.99643790721893310547 0.99643790721893310547 0.99748122692108154297 0.99821895360946655273 0.99748122692108154297 0.9960174560546875 0.9960174560546875 0.99748122692108154297 0.99821895360946655273 0.99821895360946655273 0.99821895360946655273 0.99748122692108154297 0.99748122692108154297 0.99821895360946655273 0.99821895360946655273 1 0.99821895360946655273 0.99643790721893310547 0.99465692043304443359 0.99357837438583374023 0.99436789751052856445 0.99465692043304443359 0.99436789751052856445 0.99357837438583374023 0.99496245384216308594 0.9960174560546875 0.99748122692108154297 0.99821895360946655273 1 1 0.99821895360946655273 0.99643790721893310547 0.99465692043304443359 0.99287587404251098633 0.99109482765197753906 0.99109482765197753906
0.98873573541641235352 0.98916637897491455078 0.9893137812614440918 0.98961484432220458984 0.99109482765197753906 0.99244368076324462891 0.99357837438583374023 0.99436789751052856445 0.99465692043304443359 0.99643790721893310547 0.99821895360946655273 1 0.99821895360946655273 0.99643790721893310547 0.99496245384216308594 0.99643790721893310547 0.99821895360946655273 1 1 0.99821895360946655273 0.99821895360946655273 0.99748122692108154297 0.99748122692108154297 0.99821895360946655273 0.99748122692108154297 0.9960174560546875 0.99465692043304443359 0.99496245384216308594 0.9960174560546875 0.99643790721893310547 0.9960174560546875 0.99496245384216308594 0.9960174560546875 0.99748122692108154297 0.99821895360946655273 1 1 1 0.99821895360946655273 0.99643790721893310547 0.99496245384216308594 0.99357837438583374023 0.99203497171401977539 0.99203497171401977539
0.987033843994140625 0.98740619421005249023 0.98753273487091064453 0.98859578371047973633 0.98992496728897094727 0.99109482765197753906 0.99203497171401977539 0.99265658855438232422 0.99436789751052856445 0.9960174560546875 0.99748122692108154297 0.99821895360946655273 0.99748122692108154297 0.9960174560546875 0.99643790721893310547 0.9960174560546875 0.99748122692108154297 0.99821895360946655273 0.99821895360946655273 0.99821895360946655273 1 0.99821895360946655273 0.99821895360946655273 1 0.99821895360946655273 0.99643790721893310547 0.99643790721893310547 0.99643790721893310547 0.99748122692108154297 0.99821895360946655273 0.99748122692108154297 0.9960174560546875 0.99643790721893310547 0.99821895360946655273 1 0.99821895360946655273 1 0.99821895360946655273 0.99821895360946655273 0.99748122692108154297 0.9960174560546875 0.99436789751052856445 0.99265658855438232422 0.99357837438583374023
0.98531323671340942383 0.9856408238410949707 0.98608964681625366211 0.98740619421005249023 0.98859578371047973633 0.98961484432220458984 0.99040883779525756836 0.99203497171401977539 0.99357837438583374023 0.99496245384216308594 0.9960174560546875 0.99643790721893310547 0.9960174560546875 0.99748122692108154297 0.99821895360946655273 0.99748122692108154297 0.9960174560546875 0.99643790721893310547 0.99643790721893310547 0.99748122692108154297 0.99821895360946655273 1 1 1 0.99821895360946655273 0.99748122692108154297 0.99821895360946655273 0.99821895360946655273 0.99821895360946655273 1 0.99821895360946655273 0.99643790721893310547 0.99643790721893310547 0.99821895360946655273 1 1 1 1 1 0.99821895360946655273 0.99643790721893310547 0.99465692043304443359 0.99357837438583374023 0.99496245384216308594
0.98357969522476196289 0.98387205600738525391 0.9848874211311340332 0.98608964681625366211 0.98715674877166748047 0.98805242776870727539 0.98961484432220458984 0.99109482765197753906 0.99244368076324462891 0.99357837438583374023 0.99436789751052856445 0.99465692043304443359 0.99643790721893310547 0.99821895360946655273 1 0.99821895360946655273 0.99643790721893310547 0.99643790721893310547 0.99643790721893310547 0.99643790721893310547 0.99821895360946655273 1 1 1 0.99821895360946655273 0.99821895360946655273 1 1 0.99821895360946655273 0.99821895360946655273 0.99748122692108154297 0.9960174560546875 0.9960174560546875 0.99748122692108154297 0.99821895360946655273 1 0.99821895360946655273 0.99821895360946655273 0.99821895360946655273 0.99748122692108154297 0.9960174560546875 0.99436789751052856445 0.99436789751052856445 0.9960174560546875
0.98183691501617431641 0.98236864805221557617 0.98357969522476196289 0.98467898368835449219 0.9856408238410949707 0.98715674877166748047 0.98859578371047973633 0.98992496728897094727 0.99109482765197753906 0.99203497171401977539 0.99265658855438232422 0.99436789751052856445 0.9960174560546875 0.99748122692108154297 0.99821895360946655273 0.99748122692108154297 0.99748122692108154297 0.99821895360946655273 0.99821895360946655273 0.99748122692108154297 0.99748122692108154297 0.99821895360946655273 0.99821895360946655273 0.99821895360946655273 0.99821895360946655273 1 0.99821895360946655273 0.99821895360946655273 0.99748122692108154297 0.99643790721893310547 0.9960174560546875 0.99496245384216308594 0.99496245384216308594 0.99643790721893310547 0.99821895360946655273 1 1 0.99821895360946655273 0.99643790721893310547 0.9960174560546875 0.99496245384216308594 0.99465692043304443359 0.99465692043304443359 0.99643790721893310547
0.98008739948272705078 0.98106735944747924805 0.98218965530395507813 0.98319774866104125977 0.98467898368835449219 0.98608964681625366211 0.98740619421005249023 0.98859578371047973633 0.98961484432220458984 0.99040883779525756836 0.99203497171401977539 0.99357837438583374023 0.99496245384216308594 0.9960174560546875 0.99643790721893310547 0.99643790721893310547 0.99821895360946655273 1 1 0.99821895360946655273 0.99643790721893310547 0.99643790721893310547 0.99643790721893310547 0.99643790721893310547 0.99748122692108154297 0.99821895360946655273 0.99748122692108154297 0.99643790721893310547 0.9960174560546875 0.99496245384216308594 0.99436789751052856445 0.99357837438583374023 0.99465692043304443359 0.99643790721893310547 0.99821895360946655273 1 0.99821895360946655273 0.99748122692108154297 0.9960174560546875 0.99496245384216308594 0.9960174560546875 0.99643790721893310547 0.99643790721893310547 0.99643790721893310547
0.97855347394943237305 0.97969305515289306641 0.98073518276214599609 0.98218965530395507813 0.98357969522476196289 0.9848874211311340332 0.98608964681625366211 0.98715674877166748047 0.98805242776870727539 0.98961484432220458984 0.99109482765197753906 0.99244368076324462891 0.99357837438583374023 0.99436789751052856445 0.99465692043304443359 0.9960174560546875 0.99748122692108154297 0.99821895360946655273 0.99821895360946655273 0.99748122692108154297 0.9960174560546875 0.99496245384216308594 0.9960174560546875 0.99643790721893310547 0.9960174560546875 0.99643790721893310547 0.9960174560546875 0.99496245384216308594 0.99436789751052856445 0.99357837438583374023 0.99436789751052856445 0.99465692043304443359 0.99465692043304443359 0.9960174560546875 0.99748122692108154297 0.99821895360946655273 0.99748122692108154297 0.9960174560546875 0.99496245384216308594 0.9960174560546875 0.99748122692108154297 0.99821895360946655273 0.99821895360946655273 0.99748122692108154297
