Data/development_proximity_100m.asc
ncols        210
nrows        180
xllcorner    240000
yllcorner    644000
cellsize     100
NODATA_value  -1
[rows 140 to 159 of 180, columns 0 to 43 of 210]
0.896148681640625 0.89631682634353637695 0.89645457267761230469 0.89656186103820800781 0.89663857221603393555 0.89668458700180053711 0.89669996500015258789 0.89669996500015258789 0.89669996500015258789 0.89668458700180053711 0.89663857221603393555 0.89656186103820800781 0.89645457267761230469 0.89736229181289672852 0.89846539497375488281 0.89954900741577148438 0.90061247348785400391 0.90165525674819946289 0.90282338857650756836 0.9039891362190246582 0.90513586997985839844 0.9062626957893371582 0.90736907720565795898 0.90845412015914916992 0.90951710939407348633 0.91055727005004882813 0.91157382726669311523 0.9125658869743347168 0.91353261470794677734 0.9144732356071472168 0.91538679599761962891 0.91627240180969238281 0.91712921857833862305 0.91795629262924194336 0.91875278949737548828 0.91951769590377807617 0.92025017738342285156 0.92094933986663818359 0.92161422967910766602 0.92224401235580444336 0.92283779382705688477 0.92339479923248291016 0.92391413450241088867 0.92439508438110351563
0.89437699317932128906 0.89454227685928344727 0.89467769861221313477 0.89478319883346557617 0.89485853910446166992 0.8949038386344909668 0.89491891860961914063 0.89491891860961914063 0.89491891860961914063 0.8949038386344909668 0.89485853910446166992 0.89478319883346557617 0.89485853910446166992 0.895965576171875 0.89705371856689453125 0.89812231063842773438 0.89917075634002685547 0.90030974149703979492 0.90147799253463745117 0.90262770652770996094 0.90375816822052001953 0.90486872196197509766 0.90595865249633789063 0.90702724456787109375 0.90807372331619262695 0.90909737348556518555 0.91009742021560668945 0.9110730290412902832 0.91202336549758911133 0.91294765472412109375 0.91384500265121459961 0.91471463441848754883 0.91555565595626831055 0.91636717319488525391 0.91714835166931152344 0.91789835691452026367 0.91861623525619506836 0.91930121183395385742 0.91995245218276977539 0.92056906223297119141 0.92115020751953125 0.92169517278671264648 0.92220324277877807617 0.9226735234260559082
0.89260488748550415039 0.89276748895645141602 0.89290070533752441406 0.89300441741943359375 0.89307856559753417969 0.89312303066253662109 0.89313787221908569336 0.89313787221908569336 0.89313787221908569336 0.89312303066253662109 0.89307856559753417969 0.89300441741943359375 0.89346492290496826172 0.8945572972297668457 0.89563071727752685547 0.89668458700180053711 0.89779591560363769531 0.8989664912223815918 0.90011900663375854492 0.90125286579132080078 0.90236741304397583008 0.90346199274063110352 0.90453583002090454102 0.90558832883834838867 0.90661871433258056641 0.90762621164321899414 0.90861016511917114258 0.90956968069076538086 0.91050410270690917969 0.9114125370979309082 0.91229420900344848633 0.91314828395843505859 0.91397398710250854492 0.91477042436599731445 0.9155368804931640625 0.91627240180969238281 0.9169762730598449707 0.91764760017395019531 0.91828560829162597656 0.91888952255249023438 0.91945862770080566406 0.91999208927154541016 0.92048919200897216797 0.92094933986663818359
0.89083254337310791016 0.89099252223968505859 0.89112353324890136719 0.89122557640075683594 0.89129847288131713867 0.89134228229522705078 0.89135688543319702148 0.89135688543319702148 0.89135688543319702148 0.89134228229522705078 0.89129847288131713867 0.89122557640075683594 0.89205986261367797852 0.89313787221908569336 0.89419692754745483398 0.89528179168701171875 0.89645457267761230469 0.89760982990264892578 0.89874690771102905273 0.89986526966094970703 0.90096420049667358398 0.9020430445671081543 0.90310120582580566406 0.90413796901702880859 0.90515255928039550781 0.90614432096481323242 0.90711259841918945313 0.90805649757385253906 0.90897536277770996094 0.90986835956573486328 0.91073477268218994141 0.91157382726669311523 0.91238462924957275391 0.91316652297973632813 0.91391867399215698242 0.91464030742645263672 0.91533058881759643555 0.91598874330520629883 0.91661405563354492188 0.917205810546875 0.91776323318481445313 0.91828560829162597656 0.91877228021621704102 0.91922265291213989258
0.88905996084213256836 0.88921731710433959961 0.88934624195098876953 0.88944661617279052734 0.88951838016510009766 0.88956147432327270508 0.88957583904266357422 0.88957583904266357422 0.88957583904266357422 0.88956147432327270508 0.88951838016510009766 0.88956147432327270508 0.89064383506774902344 0.89170777797698974609 0.89276748895645141602 0.89394241571426391602 0.89510023593902587891 0.89624035358428955078 0.89736229181289672852 0.89846539497375488281 0.89954900741577148438 0.90061247348785400391 0.90165525674819946289 0.90267658233642578125 0.90367579460144042969 0.90465223789215087891 0.90560513734817504883 0.90653383731842041016 0.90743756294250488281 0.90831559896469116211 0.90916723012924194336 0.90999162197113037109 0.91078811883926391602 0.91155588626861572266 0.91229420900344848633 0.91300231218338012695 0.91367948055267333984 0.91432499885559082031 0.91493809223175048828 0.91551810503005981445 0.91606432199478149414 0.91657602787017822266 0.91705268621444702148 0.91749364137649536133
0.88728708028793334961 0.88744199275970458984 0.88756883144378662109 0.88766765594482421875 0.88773828744888305664 0.88778066635131835938 0.88779479265213012695 0.88779479265213012695 0.88779479265213012695 0.88778066635131835938 0.88773828744888305664 0.88814872503280639648 0.88921731710433959961 0.89026743173599243164 0.891429901123046875 0.89259016513824462891 0.89373320341110229492 0.89485853910446166992 0.895965576171875 0.89705371856689453125 0.89812231063842773438 0.89917075634002685547 0.90019845962524414063 0.90120470523834228516 0.90218889713287353516 0.90315032005310058594 0.9040883183479309082 0.90500217676162719727 0.90589123964309692383 0.90675467252731323242 0.90759187936782836914 0.9084021449089050293 0.90918469429016113281 0.90993875265121459961 0.91066372394561767578 0.91135883331298828125 0.91202336549758911133 0.91265660524368286133 0.91325789690017700195 0.91382658481597900391 0.91436201333999633789 0.91486352682113647461 0.91533058881759643555 0.91576248407363891602
0.8855139613151550293 0.88566642999649047852 0.88579136133193969727 0.88588857650756835938 0.88595813512802124023 0.88599985837936401367 0.88601374626159667969 0.88601374626159667969 0.88601374626159667969 0.88599985837936401367 0.88595813512802124023 0.88672560453414916992 0.88778066635131835938 0.88891708850860595703 0.89007967710494995117 0.89122557640075683594 0.89235413074493408203 0.89346492290496826172 0.8945572972297668457 0.89563071727752685547 0.89668458700180053711 0.89771831035614013672 0.89873129129409790039 0.89972281455993652344 0.90069234371185302734 0.90163910388946533203 0.90256255865097045898 0.90346199274063110352 0.90433669090270996094 0.90518599748611450195 0.90600925683975219727 0.90680575370788574219 0.90757477283477783203 0.90831559896469116211 0.90902763605117797852 0.90971010923385620117 0.91036242246627807617 0.91098386049270629883 0.91157382726669311523 0.9121316075325012207 0.91265660524368286133 0.91314828395843505859 0.91360604763031005859 0.91432499885559082031
0.88374054431915283203 0.88389068841934204102 0.88401371240615844727 0.8841094970703125 0.88417792320251464844 0.88421905040740966797 0.88423269987106323242 0.88423269987106323242 0.88423269987106323242 0.88421905040740966797 0.88423269987106323242 0.88529247045516967773 0.8864040374755859375 0.88756883144378662109 0.88871735334396362305 0.88984906673431396484 0.89096337556838989258 0.89205986261367797852 0.89313787221908569336 0.89419692754745483398 0.89523637294769287109 0.89625567197799682617 0.89725416898727416992 0.89823132753372192383 0.89918649196624755859 0.90011900663375854492 0.90102827548980712891 0.90191364288330078125 0.90277439355850219727 0.90360999107360839844 0.9044196009635925293 0.90520274639129638672 0.90595865249633789063 0.90668666362762451172 0.90738618373870849609 0.90805649757385253906 0.90869694948196411133 0.90930700302124023438 0.90988594293594360352 0.91043323278427124023 0.91094821691513061523 0.91143041849136352539 0.9118792414665222168 0.91309350728988647461
0.88196694850921630859 0.88211482763290405273 0.88223600387573242188 0.88233029842376708984 0.88239771127700805664 0.88243818283081054688 0.88245171308517456055 0.88245171308517456055 0.88245171308517456055 0.88243818283081054688 0.88280302286148071289 0.88389068841934204102 0.88505768775939941406 0.88620871305465698242 0.88734334707260131836 0.88846111297607421875 0.88956147432327270508 0.89064383506774902344 0.89170777797698974609 0.89275270700454711914 0.89377802610397338867 0.89478319883346557617 0.89576762914657592773 0.89673066139221191406 0.89767181873321533203 0.89859044551849365234 0.8994858860969543457 0.90035748481750488281 0.90120470523834228516 0.90202689170837402344 0.90282338857650756836 0.90359348058700561523 0.90433669090270996094 0.90505230426788330078 0.90573966503143310547 0.90639817714691162109 0.90702724456787109375 0.90762621164321899414 0.90819460153579711914 0.90873169898986816406 0.90923708677291870117 0.90971010923385620117 0.91057503223419189453 0.91184324026107788086
0.88019311428070068359 0.88033884763717651367 0.8804581761360168457 0.88055109977722167969 0.88061749935150146484 0.88065737485885620117 0.88067066669464111328 0.88067066669464111328 0.88067066669464111328 0.88065737485885620117 0.88137716054916381836 0.88254618644714355469 0.88369965553283691406 0.88483709096908569336 0.88595813512802124023 0.88706213235855102539 0.88814872503280639648 0.88921731710433959961 0.89026743173599243164 0.89129847288131713867 0.89230996370315551758 0.89330130815505981445 0.89427191019058227539 0.89522123336791992188 0.896148681640625 0.89705371856689453125 0.89793562889099121094 0.89879393577575683594 0.89962798357009887695 0.90043711662292480469 0.90122079849243164063 0.90197831392288208008 0.90270918607711791992 0.90341269969940185547 0.9040883183479309082 0.90473544597625732422 0.90535342693328857422 0.90594178438186645508 0.90649992227554321289 0.90702724456787109375 0.90752327442169189453 0.90805649757385253906 0.90932446718215942383 0.91057503223419189453
0.87841910123825073242 0.87856262922286987305 0.87868028879165649414 0.87877178192138671875 0.87883722782135009766 0.87887650728225708008 0.87888962030410766602 0.87888962030410766602 0.87888962030410766602 0.87887650728225708008 0.88003438711166381836 0.88119012117385864258 0.88233029842376708984 0.88345444202423095703 0.88456195592880249023 0.8856525421142578125 0.88672560453414916992 0.88778066635131835938 0.88881719112396240234 0.88983464241027832031 0.89083254337310791016 0.89181035757064819336 0.89276748895645141602 0.89370340108871459961 0.89461749792098999023 0.89550924301147460938 0.89637804031372070313 0.89722329378128051758 0.89804446697235107422 0.89884096384048461914 0.89961218833923339844 0.90035748481750488281 0.90107637643814086914 0.90176820755004882813 0.90243244171142578125 0.90306848287582397461 0.90367579460144042969 0.90425384044647216797 0.90480202436447143555 0.90531992912292480469 0.90580695867538452148 0.90680575370788574219 0.90805649757385253906 0.90928953886032104492
0.87664484977722167969 0.87678635120391845703 0.8769022822380065918 0.87699246406555175781 0.87705695629119873047 0.87709569931030273438 0.87710857391357421875 0.87710857391357421875 0.87710857391357421875 0.87752228975296020508 0.87868028879165649414 0.8798230290412902832 0.88095009326934814453 0.88206106424331665039 0.88315540552139282227 0.88423269987106323242 0.88529247045516967773 0.88633424043655395508 0.88735747337341308594 0.8883616328239440918 0.88934624195098876953 0.89031076431274414063 0.89125472307205200195 0.89217746257781982422 0.89307856559753417969 0.89395731687545776367 0.89481329917907714844 0.89564591646194458008 0.89645457267761230469 0.89723873138427734375 0.89799785614013671875 0.89873129129409790039 0.89943850040435791016 0.90011900663375854492 0.90077221393585205078 0.90139752626419067383 0.90199452638626098633 0.90256255865097045898 0.90310120582580566406 0.90360999107360839844 0.90428698062896728516 0.90553796291351318359 0.90677171945571899414 0.90798753499984741211
0.87487041950225830078 0.87500989437103271484 0.87512415647506713867 0.87521308660507202148 0.87527668476104736328 0.87531483173370361328 0.87532752752304077148 0.87532752752304077148 0.87532752752304077148 0.87617003917694091797 0.87731528282165527344 0.87844514846801757813 0.87955933809280395508 0.88065737485885620117 0.88173872232437133789 0.88280302286148071289 0.88384974002838134766 0.88487845659255981445 0.88588857650756835938 0.88687974214553833008 0.88785135746002197266 0.88880294561386108398 0.88973391056060791016 0.89064383506774902344 0.89153218269348144531 0.89239835739135742188 0.89324182271957397461 0.89406210184097290039 0.89485853910446166992 0.89563071727752685547 0.89637804031372070313 0.89709991216659545898 0.89779591560363769531 0.89846539497375488281 0.89910787343978881836 0.89972281455993652344 0.90030974149703979492 0.90086817741394042969 0.90139752626419067383 0.901897430419921875 0.90301942825317382813 0.90425384044647216797 0.90547084808349609375 0.90666967630386352539
0.8730958104133605957 0.87323331832885742188 0.87334597110748291016 0.87343364953994750977 0.8734963536262512207 0.87353396415710449219 0.87354648113250732422 0.87354648113250732422 0.87365943193435668945 0.87480705976486206055 0.8759396672248840332 0.87705695629119873047 0.87815845012664794922 0.87924373149871826172 0.88031232357025146484 0.88136380910873413086 0.88239771127700805664 0.88341361284255981445 0.88441097736358642578 0.8853893280029296875 0.88634818792343139648 0.88728708028793334961 0.88820546865463256836 0.88910287618637084961 0.88997870683670043945 0.89083254337310791016 0.8916638493537902832 0.89247208833694458008 0.89325672388076782227 0.89401715993881225586 0.89475303888320922852 0.89546370506286621094 0.896148681640625 0.89680749177932739258 0.89743959903717041016 0.89804446697235107422 0.89862173795700073242 0.89917075634002685547 0.89969116449356079102 0.90050083398818969727 0.90173590183258056641 0.90295404195785522461 0.9041544795036315918 0.90533667802810668945
0.87132096290588378906 0.87145662307739257813 0.87156772613525390625 0.87165421247482299805 0.87171602249145507813 0.87175309658050537109 0.87176549434661865234 0.87176549434661865234 0.87229841947555541992 0.87343364953994750977 0.87455391883850097656 0.87565875053405761719 0.87674772739410400391 0.87782049179077148438 0.87887650728225708008 0.87991541624069213867 0.88093680143356323242 0.88194006681442260742 0.88292485475540161133 0.88389068841934204102 0.88483709096908569336 0.88576358556747436523 0.88666963577270507813 0.88755476474761962891 0.88841843605041503906 0.88926029205322265625 0.89007967710494995117 0.89087617397308349609 0.8916492462158203125 0.89239835739135742188 0.89312303066253662109 0.89382278919219970703 0.89449715614318847656 0.89514559507369995117 0.89576762914657592773 0.89636272192001342773 0.89693051576614379883 0.89747053384780883789 0.8979822993278503418 0.89921796321868896484 0.90043711662292480469 0.90163910388946533203 0.90282338857650756836 0.9039891362190246582
0.86954599618911743164 0.86967980861663818359 0.86978942155838012695 0.86987471580505371094 0.86993563175201416016 0.86997222900390625 0.86998444795608520508 0.86998444795608520508 0.8709271550178527832 0.87205028533935546875 0.87315827608108520508 0.87425082921981811523 0.87532752752304077148 0.87638795375823974609 0.87743163108825683594 0.87845820188522338867 0.87946718931198120117 0.8804581761360168457 0.88143068552017211914 0.88238424062728881836 0.88331842422485351563 0.88423269987106323242 0.88512670993804931641 0.88599985837936401367 0.88685166835784912109 0.88768178224563598633 0.88848954439163208008 0.88927459716796875 0.89003640413284301758 0.89077448844909667969 0.89148831367492675781 0.89217746257781982422 0.89284145832061767578 0.89347982406616210938 0.89409202337265014648 0.89467769861221313477 0.89523637294769287109 0.89576762914657592773 0.89669996500015258789 0.89792013168334960938 0.89912360906600952148 0.90030974149703979492 0.90147799253463745117 0.90262770652770996094
0.86777091026306152344 0.86790287494659423828 0.86801099777221679688 0.86809515953063964844 0.86815530061721801758 0.86819136142730712891 0.86820340156555175781 0.86842018365859985352 0.86954599618911743164 0.87065714597702026367 0.87175309658050537109 0.87283360958099365234 0.8738982081413269043 0.87494647502899169922 0.87597805261611938477 0.87699246406555175781 0.87798935174942016602 0.87896823883056640625 0.87992864847183227539 0.8808701634407043457 0.88179242610931396484 0.88269478082656860352 0.88357698917388916016 0.88443839550018310547 0.88527864217758178711 0.88609725236892700195 0.88689374923706054688 0.88766765594482421875 0.88841843605041503906 0.88914579153060913086 0.88984906673431396484 0.89052790403366088867 0.89118182659149169922 0.89181035757064819336 0.89241307973861694336 0.89298957586288452148 0.89353936910629272461 0.89418190717697143555 0.89540302753448486328 0.89660787582397460938 0.89779591560363769531 0.8989664912223815918 0.90011900663375854492 0.90125286579132080078
0.86599558591842651367 0.86612588167190551758 0.86623251438140869141 0.86631554365158081055 0.86637485027313232422 0.86641049385070800781 0.86642235517501831055 0.86704123020172119141 0.86815530061721801758 0.86925458908081054688 0.87033867835998535156 0.87140727043151855469 0.87246000766754150391 0.8734963536262512207 0.87451601028442382813 0.87551850080490112305 0.87650346755981445313 0.87747049331665039063 0.87841910123825073242 0.87934881448745727539 0.88025933504104614258 0.88115006685256958008 0.88202071189880371094 0.88287073373794555664 0.88369965553283691406 0.88450706005096435547 0.88529247045516967773 0.88605552911758422852 0.88679563999176025391 0.88751244544982910156 0.88820546865463256836 0.88887423276901245117 0.88951838016510009766 0.89013743400573730469 0.89073091745376586914 0.89129847288131713867 0.89183968305587768555 0.8928858637809753418 0.89409202337265014648 0.89528179168701171875 0.89645457267761230469 0.89760982990264892578 0.89874690771102905273 0.89986526966094970703
0.86422014236450195313 0.8643487095832824707 0.86445397138595581055 0.86453592777252197266 0.86459445953369140625 0.86462962627410888672 0.86464130878448486328 0.86565279960632324219 0.86675524711608886719 0.86784285306930541992 0.86891531944274902344 0.86997222900390625 0.87101322412490844727 0.8720378875732421875 0.87304580211639404297 0.87403661012649536133 0.87500989437103271484 0.87596523761749267578 0.8769022822380065918 0.87782049179077148438 0.87871950864791870117 0.87959885597229003906 0.8804581761360168457 0.88129699230194091797 0.88211482763290405273 0.88291132450103759766 0.88368600606918334961 0.88443839550018310547 0.88516813516616821289 0.88587468862533569336 0.88655769824981689453 0.88721674680709838867 0.88785135746002197266 0.88846111297607421875 0.88904565572738647461 0.8896045684814453125 0.89036864042282104492 0.89157605171203613281 0.89276748895645141602 0.89394241571426391602 0.89510023593902587891 0.89624035358428955078 0.89736229181289672852 0.89846539497375488281
0.8624445796012878418 0.86257147789001464844 0.8626753687858581543 0.86275625228881835938 0.86281406879425048828 0.86284875869750976563 0.86314970254898071289 0.86425518989562988281 0.86534619331359863281 0.86642235517501831055 0.86748331785202026367 0.86852872371673583984 0.86955815553665161133 0.87057131528854370117 0.87156772613525390625 0.87254703044891357422 0.87350887060165405273 0.87445282936096191406 0.87537842988967895508 0.87628537416458129883 0.8771731257438659668 0.87804132699966430664 0.87888962030410766602 0.87971746921539306641 0.88052451610565185547 0.88131034374237060547 0.88207447528839111328 0.88281655311584472656 0.88353610038757324219 0.88423269987106323242 0.88490599393844604492 0.88555550575256347656 0.88618081808090209961 0.88678163290023803711 0.88735747337341308594 0.88790792226791381836 0.88905996084213256836 0.89025294780731201172 0.891429901123046875 0.89259016513824462891 0.89373320341110229492 0.89485853910446166992 0.895965576171875 0.89705371856689453125
