Data/development_proximity_100m.asc
ncols        210
nrows        180
xllcorner    240000
yllcorner    644000
cellsize     100
NODATA_value  -1
[rows 140 to 159 of 180, columns 88 to 131 of 210]
0.97183936834335327148 0.97235089540481567383 0.97275543212890625 0.97304803133010864258 0.97322517633438110352 0.97328448295593261719 0.97328448295593261719 0.97322517633438110352 0.97304803133010864258 0.97275543212890625 0.97235089540481567383 0.97183936834335327148 0.97183936834335327148 0.97281366586685180664 0.97370332479476928711 0.97449946403503417969 0.97525709867477416992 0.97610491514205932617 0.97684651613235473633 0.97862756252288818359 0.98040860891342163086 0.98218965530395507813 0.98397070169448852539 0.98575174808502197266 0.98753273487091064453 0.9893137812614440918 0.99109482765197753906 0.99287587404251098633 0.99465692043304443359 0.99643790721893310547 0.99821895360946655273 1 1 0.99821895360946655273 0.99821895360946655273 0.99748122692108154297 0.99643790721893310547 0.99821895360946655273 1 1 0.99821895360946655273 0.99643790721893310547 0.99643790721893310547 0.99821895360946655273
0.97014439105987548828 0.97062641382217407227 0.97100687026977539063 0.97128164768218994141 0.97144782543182373047 0.97150343656539916992 0.97150343656539916992 0.97144782543182373047 0.97128164768218994141 0.97100687026977539063 0.97062641382217407227 0.97014439105987548828 0.97035765647888183594 0.97128164768218994141 0.97212237119674682617 0.97287207841873168945 0.97370332479476928711 0.97500199079513549805 0.97677814960479736328 0.97855347394943237305 0.98032784461975097656 0.98210084438323974609 0.98387205600738525391 0.9856408238410949707 0.98740619421005249023 0.98916637897491455078 0.9909184575080871582 0.99265658855438232422 0.99436789751052856445 0.9960174560546875 0.99748122692108154297 0.99821895360946655273 0.99821895360946655273 0.99821895360946655273 1 0.99821895360946655273 0.99748122692108154297 0.99748122692108154297 0.99821895360946655273 0.99821895360946655273 0.99748122692108154297 0.99821895360946655273 0.99821895360946655273 0.99748122692108154297
0.96843999624252319336 0.96889555454254150391 0.96925455331802368164 0.9695135951042175293 0.96967005729675292969 0.96972239017486572266 0.96972239017486572266 0.96967005729675292969 0.9695135951042175293 0.96925455331802368164 0.96889555454254150391 0.96843999624252319336 0.96884459257125854492 0.96972239017486572266 0.97051864862442016602 0.97128164768218994141 0.97304803133010864258 0.97481238842010498047 0.97657412290573120117 0.97833275794982910156 0.98008739948272705078 0.98183691501617431641 0.98357969522476196289 0.98531323671340942383 0.987033843994140625 0.98873573541641235352 0.99040883779525756836 0.99203497171401977539 0.99357837438583374023 0.99496245384216308594 0.9960174560546875 0.99643790721893310547 0.99643790721893310547 0.99821895360946655273 1 1 0.99821895360946655273 0.99643790721893310547 0.99643790721893310547 0.99643790721893310547 0.99821895360946655273 1 1 0.99821895360946655273
0.96672749519348144531 0.96715933084487915039 0.96749913692474365234 0.96774405241012573242 0.96789193153381347656 0.96794134378433227539 0.96794134378433227539 0.96789193153381347656 0.96774405241012573242 0.96749913692474365234 0.96715933084487915039 0.96672749519348144531 0.96730452775955200195 0.96813988685607910156 0.96925455331802368164 0.97100687026977539063 0.97275543212890625 0.97449946403503417969 0.97623801231384277344 0.97796982526779174805 0.97969305515289306641 0.98140543699264526367 0.98310363292694091797 0.98478281497955322266 0.98643606901168823242 0.98805242776870727539 0.98961484432220458984 0.99109482765197753906 0.99244368076324462891 0.99357837438583374023 0.99436789751052856445 0.99465692043304443359 0.9960174560546875 0.99748122692108154297 0.99821895360946655273 0.99821895360946655273 0.99821895360946655273 0.99748122692108154297 0.9960174560546875 0.99643790721893310547 0.99821895360946655273 1 1 0.99821895360946655273
0.96500819921493530273 0.96541857719421386719 0.96574109792709350586 0.96597337722778320313 0.96611350774765014648 0.96616035699844360352 0.96616035699844360352 0.96611350774765014648 0.96597337722778320313 0.96574109792709350586 0.96541857719421386719 0.96500819921493530273 0.96574109792709350586 0.96715933084487915039 0.96889555454254150391 0.97062641382217407227 0.97235089540481567383 0.97406774759292602539 0.97577530145645141602 0.97747147083282470703 0.97915351390838623047 0.98081767559051513672 0.98245882987976074219 0.98406994342803955078 0.9856408238410949707 0.98715674877166748047 0.98859578371047973633 0.98992496728897094727 0.99109482765197753906 0.99203497171401977539 0.99265658855438232422 0.99357837438583374023 0.99496245384216308594 0.9960174560546875 0.99643790721893310547 0.99821895360946655273 1 0.99821895360946655273 0.99643790721893310547 0.9960174560546875 0.99748122692108154297 0.99821895360946655273 0.99821895360946655273 0.99748122692108154297
0.96328300237655639648 0.9636738896369934082 0.96398079395294189453 0.9642016291618347168 0.96433478593826293945 0.96437931060791015625 0.96437931060791015625 0.96433478593826293945 0.9642016291618347168 0.96398079395294189453 0.9636738896369934082 0.96332621574401855469 0.96500819921493530273 0.96672749519348144531 0.96843999624252319336 0.97014439105987548828 0.97183936834335327148 0.97352302074432373047 0.975193023681640625 0.97684651613235473633 0.97847968339920043945 0.98008739948272705078 0.98166310787200927734 0.98319774866104125977 0.98467898368835449219 0.98608964681625366211 0.98740619421005249023 0.98859578371047973633 0.98961484432220458984 0.99040883779525756836 0.99109482765197753906 0.99244368076324462891 0.99357837438583374023 0.99465692043304443359 0.99643790721893310547 0.99821895360946655273 1 0.99821895360946655273 0.99643790721893310547 0.99496245384216308594 0.9960174560546875 0.99643790721893310547 0.99643790721893310547 0.9960174560546875
0.96155273914337158203 0.96192580461502075195 0.96221852302551269531 0.962429046630859375 0.96255588531494140625 0.96259826421737670898 0.96259826421737670898 0.96255588531494140625 0.962429046630859375 0.96221852302551269531 0.96192580461502075195 0.96281087398529052734 0.9645131230354309082 0.96620720624923706055 0.96789193153381347656 0.9695656895637512207 0.97122651338577270508 0.97287207841873168945 0.97449946403503417969 0.97610491514205932617 0.97768372297286987305 0.97922974824905395508 0.98073518276214599609 0.98218965530395507813 0.98357969522476196289 0.9848874211311340332 0.98608964681625366211 0.98715674877166748047 0.98805242776870727539 0.98873573541641235352 0.98992496728897094727 0.99109482765197753906 0.99265658855438232422 0.99436789751052856445 0.9960174560546875 0.99748122692108154297 0.99821895360946655273 0.99748122692108154297 0.9960174560546875 0.99436789751052856445 0.99436789751052856445 0.99465692043304443359 0.99465692043304443359 0.99436789751052856445
0.95981800556182861328 0.96017485857009887695 0.96045458316802978516 0.96065562963485717773 0.96077674627304077148 0.96081721782684326172 0.96081721782684326172 0.96077674627304077148 0.96065562963485717773 0.96045458316802978516 0.960575103759765625 0.9622605443000793457 0.96393680572509765625 0.96560251712799072266 0.96725606918334960938 0.96889555454254150391 0.97051864862442016602 0.97212237119674682617 0.97370332479476928711 0.97525709867477416992 0.97677814960479736328 0.97825968265533447266 0.97969305515289306641 0.98106735944747924805 0.98236864805221557617 0.98357969522476196289 0.98467898368835449219 0.9856408238410949707 0.98643606901168823242 0.98740619421005249023 0.98873573541641235352 0.99040883779525756836 0.99203497171401977539 0.99357837438583374023 0.99496245384216308594 0.9960174560546875 0.99643790721893310547 0.9960174560546875 0.99496245384216308594 0.99357837438583374023 0.99265658855438232422 0.99287587404251098633 0.99287587404251098633 0.99465692043304443359
0.95807939767837524414 0.95842128992080688477 0.95868921279907226563 0.95888161659240722656 0.95899748802185058594 0.95903617143630981445 0.95903617143630981445 0.95899748802185058594 0.95888161659240722656 0.95868921279907226563 0.9599761962890625 0.96163535118103027344 0.96328300237655639648 0.96491765975952148438 0.96653741598129272461 0.96813988685607910156 0.96972239017486572266 0.97128164768218994141 0.97281366586685180664 0.97431355714797973633 0.97577530145645141602 0.97719162702560424805 0.97855347394943237305 0.97984987497329711914 0.98106735944747924805 0.98218965530395507813 0.98319774866104125977 0.98406994342803955078 0.9848874211311340332 0.98643606901168823242 0.98805242776870727539 0.98961484432220458984 0.99109482765197753906 0.99244368076324462891 0.99357837438583374023 0.99436789751052856445 0.99465692043304443359 0.99436789751052856445 0.99357837438583374023 0.99244368076324462891 0.99109482765197753906 0.99109482765197753906 0.99265658855438232422 0.99436789751052856445
0.95633739233016967773 0.95666557550430297852 0.9569225311279296875 0.95710700750350952148 0.95721805095672607422 0.95725518465042114258 0.95725518465042114258 0.95721805095672607422 0.95710700750350952148 0.95766526460647583008 0.95930814743041992188 0.96093887090682983398 0.96255588531494140625 0.96415734291076660156 0.96574109792709350586 0.96730452775955200195 0.96884459257125854492 0.97035765647888183594 0.97183936834335327148 0.97328448295593261719 0.97468674182891845703 0.9760386347770690918 0.97733110189437866211 0.97855347394943237305 0.97969305515289306641 0.98073518276214599609 0.98166310787200927734 0.98245882987976074219 0.98406994342803955078 0.9856408238410949707 0.98715674877166748047 0.98859578371047973633 0.98992496728897094727 0.99109482765197753906 0.99203497171401977539 0.99265658855438232422 0.99287587404251098633 0.99265658855438232422 0.99203497171401977539 0.99109482765197753906 0.98992496728897094727 0.99040883779525756836 0.99203497171401977539 0.99357837438583374023
0.95459234714508056641 0.95490777492523193359 0.95515465736389160156 0.95533186197280883789 0.95543849468231201172 0.95547413825988769531 0.95547413825988769531 0.95543849468231201172 0.95533186197280883789 0.95695936679840087891 0.95857417583465576172 0.96017485857009887695 0.9617595672607421875 0.96332621574401855469 0.96487247943878173828 0.96639549732208251953 0.96789193153381347656 0.96935790777206420898 0.97078883647918701172 0.97217935323715209961 0.97352302074432373047 0.97481238842010498047 0.9760386347770690918 0.97719162702560424805 0.97825968265533447266 0.97922974824905395508 0.98008739948272705078 0.98166310787200927734 0.98319774866104125977 0.98467898368835449219 0.98608964681625366211 0.98740619421005249023 0.98859578371047973633 0.98961484432220458984 0.99040883779525756836 0.9909184575080871582 0.99109482765197753906 0.9909184575080871582 0.99040883779525756836 0.98961484432220458984 0.98859578371047973633 0.98961484432220458984 0.99109482765197753906 0.99244368076324462891
0.9528446197509765625 0.95314830541610717773 0.95338582992553710938 0.95355629920959472656 0.95365887880325317383 0.95369309186935424805 0.95369309186935424805 0.95365887880325317383 0.95459234714508056641 0.95619231462478637695 0.95777779817581176758 0.95934712886810302734 0.96089828014373779297 0.962429046630859375 0.96393680572509765625 0.96541857719421386719 0.96687084436416625977 0.96828955411911010742 0.96967005729675292969 0.97100687026977539063 0.97229361534118652344 0.97352302074432373047 0.97468674182891845703 0.97577530145645141602 0.97677814960479736328 0.97768372297286987305 0.97922974824905395508 0.98073518276214599609 0.98218965530395507813 0.98357969522476196289 0.9848874211311340332 0.98608964681625366211 0.98715674877166748047 0.98805242776870727539 0.98873573541641235352 0.98916637897491455078 0.9893137812614440918 0.98916637897491455078 0.98873573541641235352 0.98805242776870727539 0.98715674877166748047 0.98859578371047973633 0.98992496728897094727 0.99109482765197753906
0.95109444856643676758 0.95138722658157348633 0.95161610841751098633 0.9517803192138671875 0.95187908411026000977 0.95191204547882080078 0.95191204547882080078 0.95220983028411865234 0.95379596948623657227 0.9553673863410949707 0.9569225311279296875 0.95845949649810791016 0.9599761962890625 0.9614703059196472168 0.96293908357620239258 0.96437931060791015625 0.96578741073608398438 0.96715933084487915039 0.96849024295806884766 0.96977484226226806641 0.97100687026977539063 0.97217935323715209961 0.97328448295593261719 0.97431355714797973633 0.97525709867477416992 0.97677814960479736328 0.97825968265533447266 0.97969305515289306641 0.98106735944747924805 0.98236864805221557617 0.98357969522476196289 0.98467898368835449219 0.9856408238410949707 0.98643606901168823242 0.987033843994140625 0.98740619421005249023 0.98753273487091064453 0.98740619421005249023 0.987033843994140625 0.98643606901168823242 0.98608964681625366211 0.98740619421005249023 0.98859578371047973633 0.98961484432220458984
0.94934213161468505859 0.94962471723556518555 0.9498456120491027832 0.95000398159027099609 0.95009922981262207031 0.95013099908828735352 0.95013099908828735352 0.95138722658157348633 0.95294559001922607422 0.95448768138885498047 0.95601165294647216797 0.95751565694808959961 0.95899748802185058594 0.96045458316802978516 0.9618842005729675293 0.96328300237655639648 0.96464747190475463867 0.96597337722778320313 0.96725606918334960938 0.96849024295806884766 0.96967005729675292969 0.97078883647918701172 0.97183936834335327148 0.97281366586685180664 0.97431355714797973633 0.97577530145645141602 0.97719162702560424805 0.97855347394943237305 0.97984987497329711914 0.98106735944747924805 0.98218965530395507813 0.98319774866104125977 0.98406994342803955078 0.98478281497955322266 0.98531323671340942383 0.9856408238410949707 0.98575174808502197266 0.9856408238410949707 0.98531323671340942383 0.98478281497955322266 0.9848874211311340332 0.98608964681625366211 0.98715674877166748047 0.98805242776870727539
0.94758790731430053711 0.94786095619201660156 0.9480743408203125 0.94822728633880615234 0.94831925630569458008 0.94834995269775390625 0.94896781444549560547 0.95051413774490356445 0.9520441889762878418 0.95355629920959472656 0.95504868030548095703 0.95651936531066894531 0.95796608924865722656 0.9593861699104309082 0.96077674627304077148 0.9621346592903137207 0.96345621347427368164 0.96473729610443115234 0.96597337722778320313 0.96715933084487915039 0.96828955411911010742 0.96935790777206420898 0.97035765647888183594 0.97183936834335327148 0.97328448295593261719 0.97468674182891845703 0.9760386347770690918 0.97733110189437866211 0.97855347394943237305 0.97969305515289306641 0.98073518276214599609 0.98166310787200927734 0.98245882987976074219 0.98310363292694091797 0.98357969522476196289 0.98387205600738525391 0.98397070169448852539 0.98387205600738525391 0.98357969522476196289 0.98310363292694091797 0.98357969522476196289 0.98467898368835449219 0.9856408238410949707 0.98643606901168823242
0.9458319544792175293 0.94609612226486206055 0.94630247354507446289 0.94645035266876220703 0.94653928279876708984 0.94656896591186523438 0.9480743408203125 0.9495932459831237793 0.95109444856643676758 0.95257627964019775391 0.95403689146041870117 0.95547413825988769531 0.95688569545745849609 0.95826900005340576172 0.95962113142013549805 0.96093887090682983398 0.96221852302551269531 0.96345621347427368164 0.96464747190475463867 0.96578741073608398438 0.96687084436416625977 0.96789193153381347656 0.96935790777206420898 0.97078883647918701172 0.97217935323715209961 0.97352302074432373047 0.97481238842010498047 0.9760386347770690918 0.97719162702560424805 0.97825968265533447266 0.97922974824905395508 0.98008739948272705078 0.98081767559051513672 0.98140543699264526367 0.98183691501617431641 0.98210084438323974609 0.98218965530395507813 0.98210084438323974609 0.98183691501617431641 0.98140543699264526367 0.98218965530395507813 0.98319774866104125977 0.98406994342803955078 0.98478281497955322266
0.94407439231872558594 0.9443302154541015625 0.94452995061874389648 0.94467312097549438477 0.94475919008255004883 0.94562733173370361328 0.94713592529296875 0.94862711429595947266 0.95009922981262207031 0.95155060291290283203 0.95297932624816894531 0.95438325405120849609 0.95576000213623046875 0.95710700750350952148 0.95842128992080688477 0.95969974994659423828 0.96093887090682983398 0.9621346592903137207 0.96328300237655639648 0.96437931060791015625 0.96541857719421386719 0.96687084436416625977 0.96828955411911010742 0.96967005729675292969 0.97100687026977539063 0.97229361534118652344 0.97352302074432373047 0.97468674182891845703 0.97577530145645141602 0.97677814960479736328 0.97768372297286987305 0.97847968339920043945 0.97915351390838623047 0.97969305515289306641 0.98008739948272705078 0.98032784461975097656 0.98040860891342163086 0.98032784461975097656 0.98008739948272705078 0.97969305515289306641 0.98073518276214599609 0.98166310787200927734 0.98245882987976074219 0.98310363292694091797
0.94231534004211425781 0.9425633549690246582 0.94275695085525512695 0.94289565086364746094 0.94317406415939331055 0.94467312097549438477 0.94615495204925537109 0.94761818647384643555 0.94906115531921386719 0.9504820704460144043 0.95187908411026000977 0.95324993133544921875 0.95459234714508056641 0.95590364933013916016 0.95718103647232055664 0.95842128992080688477 0.95962113142013549805 0.96077674627304077148 0.9618842005729675293 0.96293908357620239258 0.96437931060791015625 0.96578741073608398438 0.96715933084487915039 0.96849024295806884766 0.96977484226226806641 0.97100687026977539063 0.97217935323715209961 0.97328448295593261719 0.97431355714797973633 0.97525709867477416992 0.97610491514205932617 0.97684651613235473633 0.97747147083282470703 0.97796982526779174805 0.97833275794982910156 0.97855347394943237305 0.97862756252288818359 0.97855347394943237305 0.97833275794982910156 0.97825968265533447266 0.97922974824905395508 0.98008739948272705078 0.98081767559051513672 0.98140543699264526367
0.94055503606796264648 0.94079566001892089844 0.9409834742546081543 0.94111800193786621094 0.94220548868179321289 0.94367873668670654297 0.94513368606567382813 0.94656896591186523438 0.9479827880859375 0.94937348365783691406 0.95073902606964111328 0.95207726955413818359 0.95338582992553710938 0.95466226339340209961 0.95590364933013916016 0.95710700750350952148 0.95826900005340576172 0.9593861699104309082 0.96045458316802978516 0.9618842005729675293 0.96328300237655639648 0.96464747190475463867 0.96597337722778320313 0.96725606918334960938 0.96849024295806884766 0.96967005729675292969 0.97078883647918701172 0.97183936834335327148 0.97281366586685180664 0.97370332479476928711 0.97449946403503417969 0.975193023681640625 0.97577530145645141602 0.97623801231384277344 0.97657412290573120117 0.97677814960479736328 0.97684651613235473633 0.97677814960479736328 0.97657412290573120117 0.97677814960479736328 0.97768372297286987305 0.97847968339920043945 0.97915351390838623047 0.97969305515289306641
0.93879354000091552734 0.93902719020843505859 0.93920952081680297852 0.93973362445831298828 0.94119888544082641602 0.94264626502990722656 0.94407439231872558594 0.94548171758651733398 0.94686663150787353516 0.94822728633880615234 0.94956177473068237305 0.9508679509162902832 0.95214349031448364258 0.95338582992553710938 0.95459234714508056641 0.95576000213623046875 0.95688569545745849609 0.95796608924865722656 0.9593861699104309082 0.96077674627304077148 0.9621346592903137207 0.96345621347427368164 0.96473729610443115234 0.96597337722778320313 0.96715933084487915039 0.96828955411911010742 0.96935790777206420898 0.97035765647888183594 0.97128164768218994141 0.97212237119674682617 0.97287207841873168945 0.97352302074432373047 0.97406774759292602539 0.97449946403503417969 0.97481238842010498047 0.97500199079513549805 0.97506552934646606445 0.97500199079513549805 0.97481238842010498047 0.97525709867477416992 0.97610491514205932617 0.97684651613235473633 0.97747147083282470703 0.97796982526779174805
